6.214999999999999782e+28
6.430399999999999845e+28
6.581300000000000206e+28
6.994500000000000704e+28
7.468499999999999841e+28
8.014900000000000732e+28
8.644299999999999596e+28
9.366699999999999422e+28
1.019100000000000036e+29
1.112800000000000019e+29
1.337000000000000072e+29
1.779199999999999999e+29
2.154700000000000182e+29
2.856499999999999745e+29
3.746100000000000273e+29
5.267900000000000325e+29
7.230399999999999460e+29
1.040500000000000220e+30
1.451300000000000000e+30
2.089400000000000101e+30
3.072000000000000322e+30
4.157400000000000404e+30
6.023400000000000761e+30
8.461300000000001544e+30
9.928600000000000696e+30
1.202300000000000037e+31
1.443000000000000101e+31
1.717500000000000128e+31
1.962600000000000247e+31
2.302400000000000073e+31
2.601800000000000192e+31
2.926099999999999952e+31
3.275599999999999762e+31
3.650500000000000044e+31
4.050899999999999883e+31
4.368100000000000645e+31
4.699800000000000262e+31
5.046200000000000059e+31
5.285600000000000531e+31
5.373900000000000241e+31
5.374000000000000000e+31
5.826000000000000000e+31
6.682800000000000000e+31
7.644300000000000000e+31
9.914600000000000000e+31
1.270100000000000000e+32
1.606300000000000000e+32
1.997100000000000000e+32
3.592700000000000000e+32
5.966700000000000000e+32
9.276600000000000000e+32
1.366800000000000000e+33
1.927700000000000000e+33
2.623500000000000000e+33
3.467000000000000000e+33
4.470200000000000000e+33
5.645100000000000000e+33
7.003300000000000000e+33
8.556100000000000000e+33
1.031500000000000000e+34
1.228900000000000000e+34
1.449100000000000000e+34
1.693000000000000000e+34
1.961600000000000000e+34
2.255900000000000000e+34
2.576900000000000000e+34
2.925500000000000000e+34
3.570200000000000000e+34
4.298100000000000000e+34
5.112900000000000000e+34
6.018300000000000000e+34
7.017600000000000000e+34
8.113900000000000000e+34
1.060900000000000000e+35
1.352400000000000000e+35
1.687600000000000000e+35
2.067900000000000000e+35
2.494700000000000000e+35
