3.495100000000000000e+14
3.688300000000000000e+14
3.865000000000000000e+14
4.419900000000000000e+14
5.108000000000000000e+14
5.911900000000000000e+14
6.822400000000000000e+14
7.833900000000000000e+14
8.942600000000000000e+14
1.014600000000000000e+15
1.283100000000000000e+15
1.754300000000000000e+15
2.114100000000000000e+15
2.723200000000000000e+15
3.417800000000000000e+15
4.482700000000000000e+15
5.715300000000000000e+15
7.510600000000000000e+15
9.614800000000000000e+15
1.259300000000000000e+16
1.677400000000000000e+16
2.104200000000000000e+16
2.784400000000000000e+16
3.604300000000000000e+16
4.068800000000000000e+16
4.700100000000000000e+16
5.384300000000000000e+16
6.115300000000000000e+16
6.728400000000000000e+16
7.522400000000000000e+16
8.173800000000000000e+16
8.835000000000000000e+16
9.502200000000000000e+16
1.017300000000000000e+17
1.084500000000000000e+17
1.135100000000000000e+17
1.185900000000000000e+17
1.237200000000000000e+17
1.272000000000000000e+17
1.284500000000000000e+17
1.303800000000000000e+17
1.353100000000000000e+17
1.483100000000000000e+17
1.523200000000000000e+17
1.693500000000000000e+17
1.864100000000000000e+17
2.035000000000000000e+17
2.206300000000000000e+17
2.722300000000000000e+17
3.242400000000000000e+17
3.767500000000000000e+17
4.298300000000000000e+17
4.835800000000000000e+17
5.380800000000000000e+17
5.934000000000000000e+17
6.496300000000000000e+17
7.068400000000000000e+17
7.651000000000000000e+17
8.245000000000000000e+17
8.850900000000000000e+17
9.469500000000000000e+17
1.010200000000000000e+18
1.074800000000000000e+18
1.140800000000000000e+18
1.208500000000000000e+18
1.277700000000000000e+18
1.348600000000000000e+18
1.470600000000000000e+18
1.597700000000000000e+18
1.730200000000000000e+18
1.868300000000000000e+18
2.012300000000000000e+18
2.162400000000000000e+18
2.482000000000000000e+18
2.828900000000000000e+18
3.204800000000000000e+18
3.611300000000000000e+18
4.049800000000000000e+18
