0.000000000000000000e+00
3.833000000000000241e+23
1.006000000000000122e+24
2.603999999999999941e+24
6.676000000000000461e+24
8.738000000000000784e+24
1.628999999999999891e+25
3.029000000000000404e+25
4.129000000000000439e+25
5.036000000000000639e+25
6.859999999999999767e+25
1.272000000000000138e+26
2.356000000000000147e+26
4.362000000000000166e+26
5.662000000000000348e+26
7.702000000000000508e+26
1.048000000000000090e+27
1.425000000000000012e+27
1.938000000000000082e+27
2.503000000000000132e+27
3.404000000000000306e+27
4.628000000000000126e+27
5.949000000000001003e+27
8.088999999999999432e+27
1.100000000000000152e+28
1.450000000000000060e+28
