0.000000000000000000e+00
3.303000000000000000e+10
6.592000000000000000e+10
1.315000000000000000e+11
2.625000000000000000e+11
3.305000000000000000e+11
5.239000000000000000e+11
8.303000000000000000e+11
1.046000000000000000e+12
1.212000000000000000e+12
1.606000000000000000e+12
2.545000000000000000e+12
4.166000000000000000e+12
6.606000000000000000e+12
8.031000000000000000e+12
1.011000000000000000e+13
1.319000000000000000e+13
1.661000000000000000e+13
2.091000000000000000e+13
2.533000000000000000e+13
3.315000000000000000e+13
4.174000000000000000e+13
5.039000000000000000e+13
6.619000000000000000e+13
8.337000000000000000e+13
9.631000000000000000e+13
